    6
Espec1      0.0000  13.7100  17.4500  15.8100  16.1200  16.7600
Espe2       13.7100  0.0000  17.6900  16.3800  13.0100  17.6700
Espec3      17.4500  17.6900  0.0000  8.9200  9.4300  11.500
Espe4       15.8100  16.3800  8.9200  0.0000  9.7800  11.4400
Espece5     16.1200  13.0100  9.4300  9.7800  0.0000  7.7500
Espe6       16.7600  17.6700  11.500  11.4400  7.7500  0.0000
